{
 "cells": [
  {
   "cell_type": "markdown",
   "metadata": {},
   "source": [
    "## Setup"
   ]
  },
  {
   "cell_type": "markdown",
   "metadata": {},
   "source": [
    "Importando bibliotecas"
   ]
  },
  {
   "cell_type": "code",
   "execution_count": 1,
   "metadata": {},
   "outputs": [],
   "source": [
    "import pandas as pd\n",
    "from pandas.plotting import scatter_matrix\n",
    "import matplotlib.pyplot as plt\n",
    "import seaborn as sns\n",
    "import numpy as np\n",
    "%matplotlib inline"
   ]
  },
  {
   "cell_type": "markdown",
   "metadata": {},
   "source": [
    "Carregando dados e armazenando no dataframe df:"
   ]
  },
  {
   "cell_type": "code",
   "execution_count": 2,
   "metadata": {},
   "outputs": [],
   "source": [
    "df_hour = pd.read_csv('hour.csv', parse_dates=['dteday'])\n",
    "df_day  = pd.read_csv('day.csv', parse_dates=['dteday'])"
   ]
  },
  {
   "cell_type": "code",
   "execution_count": 3,
   "metadata": {},
   "outputs": [
    {
     "data": {
      "text/html": [
       "<div>\n",
       "<style scoped>\n",
       "    .dataframe tbody tr th:only-of-type {\n",
       "        vertical-align: middle;\n",
       "    }\n",
       "\n",
       "    .dataframe tbody tr th {\n",
       "        vertical-align: top;\n",
       "    }\n",
       "\n",
       "    .dataframe thead th {\n",
       "        text-align: right;\n",
       "    }\n",
       "</style>\n",
       "<table border=\"1\" class=\"dataframe\">\n",
       "  <thead>\n",
       "    <tr style=\"text-align: right;\">\n",
       "      <th></th>\n",
       "      <th>instant</th>\n",
       "      <th>dteday</th>\n",
       "      <th>season</th>\n",
       "      <th>yr</th>\n",
       "      <th>mnth</th>\n",
       "      <th>hr</th>\n",
       "      <th>holiday</th>\n",
       "      <th>weekday</th>\n",
       "      <th>workingday</th>\n",
       "      <th>weathersit</th>\n",
       "      <th>temp</th>\n",
       "      <th>atemp</th>\n",
       "      <th>hum</th>\n",
       "      <th>windspeed</th>\n",
       "      <th>casual</th>\n",
       "      <th>registered</th>\n",
       "      <th>cnt</th>\n",
       "    </tr>\n",
       "  </thead>\n",
       "  <tbody>\n",
       "    <tr>\n",
       "      <th>0</th>\n",
       "      <td>1</td>\n",
       "      <td>2011-01-01</td>\n",
       "      <td>1</td>\n",
       "      <td>0</td>\n",
       "      <td>1</td>\n",
       "      <td>0</td>\n",
       "      <td>0</td>\n",
       "      <td>6</td>\n",
       "      <td>0</td>\n",
       "      <td>1</td>\n",
       "      <td>0.24</td>\n",
       "      <td>0.2879</td>\n",
       "      <td>0.81</td>\n",
       "      <td>0.0</td>\n",
       "      <td>3</td>\n",
       "      <td>13</td>\n",
       "      <td>16</td>\n",
       "    </tr>\n",
       "    <tr>\n",
       "      <th>1</th>\n",
       "      <td>2</td>\n",
       "      <td>2011-01-01</td>\n",
       "      <td>1</td>\n",
       "      <td>0</td>\n",
       "      <td>1</td>\n",
       "      <td>1</td>\n",
       "      <td>0</td>\n",
       "      <td>6</td>\n",
       "      <td>0</td>\n",
       "      <td>1</td>\n",
       "      <td>0.22</td>\n",
       "      <td>0.2727</td>\n",
       "      <td>0.80</td>\n",
       "      <td>0.0</td>\n",
       "      <td>8</td>\n",
       "      <td>32</td>\n",
       "      <td>40</td>\n",
       "    </tr>\n",
       "    <tr>\n",
       "      <th>2</th>\n",
       "      <td>3</td>\n",
       "      <td>2011-01-01</td>\n",
       "      <td>1</td>\n",
       "      <td>0</td>\n",
       "      <td>1</td>\n",
       "      <td>2</td>\n",
       "      <td>0</td>\n",
       "      <td>6</td>\n",
       "      <td>0</td>\n",
       "      <td>1</td>\n",
       "      <td>0.22</td>\n",
       "      <td>0.2727</td>\n",
       "      <td>0.80</td>\n",
       "      <td>0.0</td>\n",
       "      <td>5</td>\n",
       "      <td>27</td>\n",
       "      <td>32</td>\n",
       "    </tr>\n",
       "    <tr>\n",
       "      <th>3</th>\n",
       "      <td>4</td>\n",
       "      <td>2011-01-01</td>\n",
       "      <td>1</td>\n",
       "      <td>0</td>\n",
       "      <td>1</td>\n",
       "      <td>3</td>\n",
       "      <td>0</td>\n",
       "      <td>6</td>\n",
       "      <td>0</td>\n",
       "      <td>1</td>\n",
       "      <td>0.24</td>\n",
       "      <td>0.2879</td>\n",
       "      <td>0.75</td>\n",
       "      <td>0.0</td>\n",
       "      <td>3</td>\n",
       "      <td>10</td>\n",
       "      <td>13</td>\n",
       "    </tr>\n",
       "    <tr>\n",
       "      <th>4</th>\n",
       "      <td>5</td>\n",
       "      <td>2011-01-01</td>\n",
       "      <td>1</td>\n",
       "      <td>0</td>\n",
       "      <td>1</td>\n",
       "      <td>4</td>\n",
       "      <td>0</td>\n",
       "      <td>6</td>\n",
       "      <td>0</td>\n",
       "      <td>1</td>\n",
       "      <td>0.24</td>\n",
       "      <td>0.2879</td>\n",
       "      <td>0.75</td>\n",
       "      <td>0.0</td>\n",
       "      <td>0</td>\n",
       "      <td>1</td>\n",
       "      <td>1</td>\n",
       "    </tr>\n",
       "  </tbody>\n",
       "</table>\n",
       "</div>"
      ],
      "text/plain": [
       "   instant     dteday  season  yr  mnth  hr  holiday  weekday  workingday  \\\n",
       "0        1 2011-01-01       1   0     1   0        0        6           0   \n",
       "1        2 2011-01-01       1   0     1   1        0        6           0   \n",
       "2        3 2011-01-01       1   0     1   2        0        6           0   \n",
       "3        4 2011-01-01       1   0     1   3        0        6           0   \n",
       "4        5 2011-01-01       1   0     1   4        0        6           0   \n",
       "\n",
       "   weathersit  temp   atemp   hum  windspeed  casual  registered  cnt  \n",
       "0           1  0.24  0.2879  0.81        0.0       3          13   16  \n",
       "1           1  0.22  0.2727  0.80        0.0       8          32   40  \n",
       "2           1  0.22  0.2727  0.80        0.0       5          27   32  \n",
       "3           1  0.24  0.2879  0.75        0.0       3          10   13  \n",
       "4           1  0.24  0.2879  0.75        0.0       0           1    1  "
      ]
     },
     "execution_count": 3,
     "metadata": {},
     "output_type": "execute_result"
    }
   ],
   "source": [
    "df_hour.head()"
   ]
  },
  {
   "cell_type": "code",
   "execution_count": 4,
   "metadata": {},
   "outputs": [
    {
     "data": {
      "text/html": [
       "<div>\n",
       "<style scoped>\n",
       "    .dataframe tbody tr th:only-of-type {\n",
       "        vertical-align: middle;\n",
       "    }\n",
       "\n",
       "    .dataframe tbody tr th {\n",
       "        vertical-align: top;\n",
       "    }\n",
       "\n",
       "    .dataframe thead th {\n",
       "        text-align: right;\n",
       "    }\n",
       "</style>\n",
       "<table border=\"1\" class=\"dataframe\">\n",
       "  <thead>\n",
       "    <tr style=\"text-align: right;\">\n",
       "      <th></th>\n",
       "      <th>instant</th>\n",
       "      <th>dteday</th>\n",
       "      <th>season</th>\n",
       "      <th>yr</th>\n",
       "      <th>mnth</th>\n",
       "      <th>holiday</th>\n",
       "      <th>weekday</th>\n",
       "      <th>workingday</th>\n",
       "      <th>weathersit</th>\n",
       "      <th>temp</th>\n",
       "      <th>atemp</th>\n",
       "      <th>hum</th>\n",
       "      <th>windspeed</th>\n",
       "      <th>casual</th>\n",
       "      <th>registered</th>\n",
       "      <th>cnt</th>\n",
       "    </tr>\n",
       "  </thead>\n",
       "  <tbody>\n",
       "    <tr>\n",
       "      <th>0</th>\n",
       "      <td>1</td>\n",
       "      <td>2011-01-01</td>\n",
       "      <td>1</td>\n",
       "      <td>0</td>\n",
       "      <td>1</td>\n",
       "      <td>0</td>\n",
       "      <td>6</td>\n",
       "      <td>0</td>\n",
       "      <td>2</td>\n",
       "      <td>0.344167</td>\n",
       "      <td>0.363625</td>\n",
       "      <td>0.805833</td>\n",
       "      <td>0.160446</td>\n",
       "      <td>331</td>\n",
       "      <td>654</td>\n",
       "      <td>985</td>\n",
       "    </tr>\n",
       "    <tr>\n",
       "      <th>1</th>\n",
       "      <td>2</td>\n",
       "      <td>2011-01-02</td>\n",
       "      <td>1</td>\n",
       "      <td>0</td>\n",
       "      <td>1</td>\n",
       "      <td>0</td>\n",
       "      <td>0</td>\n",
       "      <td>0</td>\n",
       "      <td>2</td>\n",
       "      <td>0.363478</td>\n",
       "      <td>0.353739</td>\n",
       "      <td>0.696087</td>\n",
       "      <td>0.248539</td>\n",
       "      <td>131</td>\n",
       "      <td>670</td>\n",
       "      <td>801</td>\n",
       "    </tr>\n",
       "    <tr>\n",
       "      <th>2</th>\n",
       "      <td>3</td>\n",
       "      <td>2011-01-03</td>\n",
       "      <td>1</td>\n",
       "      <td>0</td>\n",
       "      <td>1</td>\n",
       "      <td>0</td>\n",
       "      <td>1</td>\n",
       "      <td>1</td>\n",
       "      <td>1</td>\n",
       "      <td>0.196364</td>\n",
       "      <td>0.189405</td>\n",
       "      <td>0.437273</td>\n",
       "      <td>0.248309</td>\n",
       "      <td>120</td>\n",
       "      <td>1229</td>\n",
       "      <td>1349</td>\n",
       "    </tr>\n",
       "    <tr>\n",
       "      <th>3</th>\n",
       "      <td>4</td>\n",
       "      <td>2011-01-04</td>\n",
       "      <td>1</td>\n",
       "      <td>0</td>\n",
       "      <td>1</td>\n",
       "      <td>0</td>\n",
       "      <td>2</td>\n",
       "      <td>1</td>\n",
       "      <td>1</td>\n",
       "      <td>0.200000</td>\n",
       "      <td>0.212122</td>\n",
       "      <td>0.590435</td>\n",
       "      <td>0.160296</td>\n",
       "      <td>108</td>\n",
       "      <td>1454</td>\n",
       "      <td>1562</td>\n",
       "    </tr>\n",
       "    <tr>\n",
       "      <th>4</th>\n",
       "      <td>5</td>\n",
       "      <td>2011-01-05</td>\n",
       "      <td>1</td>\n",
       "      <td>0</td>\n",
       "      <td>1</td>\n",
       "      <td>0</td>\n",
       "      <td>3</td>\n",
       "      <td>1</td>\n",
       "      <td>1</td>\n",
       "      <td>0.226957</td>\n",
       "      <td>0.229270</td>\n",
       "      <td>0.436957</td>\n",
       "      <td>0.186900</td>\n",
       "      <td>82</td>\n",
       "      <td>1518</td>\n",
       "      <td>1600</td>\n",
       "    </tr>\n",
       "  </tbody>\n",
       "</table>\n",
       "</div>"
      ],
      "text/plain": [
       "   instant     dteday  season  yr  mnth  holiday  weekday  workingday  \\\n",
       "0        1 2011-01-01       1   0     1        0        6           0   \n",
       "1        2 2011-01-02       1   0     1        0        0           0   \n",
       "2        3 2011-01-03       1   0     1        0        1           1   \n",
       "3        4 2011-01-04       1   0     1        0        2           1   \n",
       "4        5 2011-01-05       1   0     1        0        3           1   \n",
       "\n",
       "   weathersit      temp     atemp       hum  windspeed  casual  registered  \\\n",
       "0           2  0.344167  0.363625  0.805833   0.160446     331         654   \n",
       "1           2  0.363478  0.353739  0.696087   0.248539     131         670   \n",
       "2           1  0.196364  0.189405  0.437273   0.248309     120        1229   \n",
       "3           1  0.200000  0.212122  0.590435   0.160296     108        1454   \n",
       "4           1  0.226957  0.229270  0.436957   0.186900      82        1518   \n",
       "\n",
       "    cnt  \n",
       "0   985  \n",
       "1   801  \n",
       "2  1349  \n",
       "3  1562  \n",
       "4  1600  "
      ]
     },
     "execution_count": 4,
     "metadata": {},
     "output_type": "execute_result"
    }
   ],
   "source": [
    "df_day.head()"
   ]
  },
  {
   "cell_type": "markdown",
   "metadata": {},
   "source": [
    "Entendendo quais são os tipos das variáveis que estamos lidando"
   ]
  },
  {
   "cell_type": "code",
   "execution_count": 5,
   "metadata": {},
   "outputs": [
    {
     "data": {
      "text/plain": [
       "instant                int64\n",
       "dteday        datetime64[ns]\n",
       "season                 int64\n",
       "yr                     int64\n",
       "mnth                   int64\n",
       "hr                     int64\n",
       "holiday                int64\n",
       "weekday                int64\n",
       "workingday             int64\n",
       "weathersit             int64\n",
       "temp                 float64\n",
       "atemp                float64\n",
       "hum                  float64\n",
       "windspeed            float64\n",
       "casual                 int64\n",
       "registered             int64\n",
       "cnt                    int64\n",
       "dtype: object"
      ]
     },
     "execution_count": 5,
     "metadata": {},
     "output_type": "execute_result"
    }
   ],
   "source": [
    "df_hour.dtypes"
   ]
  },
  {
   "cell_type": "code",
   "execution_count": 6,
   "metadata": {},
   "outputs": [
    {
     "data": {
      "text/plain": [
       "instant                int64\n",
       "dteday        datetime64[ns]\n",
       "season                 int64\n",
       "yr                     int64\n",
       "mnth                   int64\n",
       "holiday                int64\n",
       "weekday                int64\n",
       "workingday             int64\n",
       "weathersit             int64\n",
       "temp                 float64\n",
       "atemp                float64\n",
       "hum                  float64\n",
       "windspeed            float64\n",
       "casual                 int64\n",
       "registered             int64\n",
       "cnt                    int64\n",
       "dtype: object"
      ]
     },
     "execution_count": 6,
     "metadata": {},
     "output_type": "execute_result"
    }
   ],
   "source": [
    "df_day.dtypes"
   ]
  },
  {
   "cell_type": "markdown",
   "metadata": {},
   "source": [
    "#### Verificando consistência nos dados:"
   ]
  },
  {
   "cell_type": "markdown",
   "metadata": {},
   "source": [
    "* Soma incorreta:"
   ]
  },
  {
   "cell_type": "code",
   "execution_count": 7,
   "metadata": {},
   "outputs": [
    {
     "data": {
      "text/plain": [
       "False    17379\n",
       "dtype: int64"
      ]
     },
     "execution_count": 7,
     "metadata": {},
     "output_type": "execute_result"
    }
   ],
   "source": [
    "(df_hour['cnt'] != df_hour['casual'] + df_hour['registered']).value_counts()"
   ]
  },
  {
   "cell_type": "markdown",
   "metadata": {},
   "source": [
    "* Contagem zerada:"
   ]
  },
  {
   "cell_type": "code",
   "execution_count": 8,
   "metadata": {},
   "outputs": [
    {
     "data": {
      "text/plain": [
       "False    17379\n",
       "Name: cnt, dtype: int64"
      ]
     },
     "execution_count": 8,
     "metadata": {},
     "output_type": "execute_result"
    }
   ],
   "source": [
    "(df_hour['cnt'] == 0).value_counts()"
   ]
  },
  {
   "cell_type": "markdown",
   "metadata": {},
   "source": [
    "Parece ok! Todos os registros indicam uso de bicicleta."
   ]
  },
  {
   "cell_type": "markdown",
   "metadata": {},
   "source": [
    "# Analisando o DataFrame\n",
    "A correlação de Pearson mede a dependência linear entre dois variáveis X e Y. O coeficiente resultante é um valor entre -1 e 1, onde:\n",
    "-  **1**: correlação total positiva\n",
    "-  **0**: não há correlação linear, as variávies são independentes\n",
    "- **-1**: correlação total negativa"
   ]
  },
  {
   "cell_type": "markdown",
   "metadata": {},
   "source": [
    "#### Verificamos o coeficiente da correlação de Pearson entre os atributos que fazem sentido:"
   ]
  },
  {
   "cell_type": "code",
   "execution_count": 9,
   "metadata": {},
   "outputs": [
    {
     "data": {
      "text/html": [
       "<div>\n",
       "<style scoped>\n",
       "    .dataframe tbody tr th:only-of-type {\n",
       "        vertical-align: middle;\n",
       "    }\n",
       "\n",
       "    .dataframe tbody tr th {\n",
       "        vertical-align: top;\n",
       "    }\n",
       "\n",
       "    .dataframe thead th {\n",
       "        text-align: right;\n",
       "    }\n",
       "</style>\n",
       "<table border=\"1\" class=\"dataframe\">\n",
       "  <thead>\n",
       "    <tr style=\"text-align: right;\">\n",
       "      <th></th>\n",
       "      <th>season</th>\n",
       "      <th>mnth</th>\n",
       "      <th>hr</th>\n",
       "      <th>holiday</th>\n",
       "      <th>weekday</th>\n",
       "      <th>workingday</th>\n",
       "      <th>weathersit</th>\n",
       "      <th>temp</th>\n",
       "      <th>atemp</th>\n",
       "      <th>hum</th>\n",
       "      <th>windspeed</th>\n",
       "      <th>casual</th>\n",
       "      <th>registered</th>\n",
       "      <th>cnt</th>\n",
       "    </tr>\n",
       "  </thead>\n",
       "  <tbody>\n",
       "    <tr>\n",
       "      <th>season</th>\n",
       "      <td>1.000000</td>\n",
       "      <td>0.830386</td>\n",
       "      <td>-0.006117</td>\n",
       "      <td>-0.009585</td>\n",
       "      <td>-0.002335</td>\n",
       "      <td>0.013743</td>\n",
       "      <td>-0.014524</td>\n",
       "      <td>0.312025</td>\n",
       "      <td>0.319380</td>\n",
       "      <td>0.150625</td>\n",
       "      <td>-0.149773</td>\n",
       "      <td>0.120206</td>\n",
       "      <td>0.174226</td>\n",
       "      <td>0.178056</td>\n",
       "    </tr>\n",
       "    <tr>\n",
       "      <th>mnth</th>\n",
       "      <td>0.830386</td>\n",
       "      <td>1.000000</td>\n",
       "      <td>-0.005772</td>\n",
       "      <td>0.018430</td>\n",
       "      <td>0.010400</td>\n",
       "      <td>-0.003477</td>\n",
       "      <td>0.005400</td>\n",
       "      <td>0.201691</td>\n",
       "      <td>0.208096</td>\n",
       "      <td>0.164411</td>\n",
       "      <td>-0.135386</td>\n",
       "      <td>0.068457</td>\n",
       "      <td>0.122273</td>\n",
       "      <td>0.120638</td>\n",
       "    </tr>\n",
       "    <tr>\n",
       "      <th>hr</th>\n",
       "      <td>-0.006117</td>\n",
       "      <td>-0.005772</td>\n",
       "      <td>1.000000</td>\n",
       "      <td>0.000479</td>\n",
       "      <td>-0.003498</td>\n",
       "      <td>0.002285</td>\n",
       "      <td>-0.020203</td>\n",
       "      <td>0.137603</td>\n",
       "      <td>0.133750</td>\n",
       "      <td>-0.276498</td>\n",
       "      <td>0.137252</td>\n",
       "      <td>0.301202</td>\n",
       "      <td>0.374141</td>\n",
       "      <td>0.394071</td>\n",
       "    </tr>\n",
       "    <tr>\n",
       "      <th>holiday</th>\n",
       "      <td>-0.009585</td>\n",
       "      <td>0.018430</td>\n",
       "      <td>0.000479</td>\n",
       "      <td>1.000000</td>\n",
       "      <td>-0.102088</td>\n",
       "      <td>-0.252471</td>\n",
       "      <td>-0.017036</td>\n",
       "      <td>-0.027340</td>\n",
       "      <td>-0.030973</td>\n",
       "      <td>-0.010588</td>\n",
       "      <td>0.003988</td>\n",
       "      <td>0.031564</td>\n",
       "      <td>-0.047345</td>\n",
       "      <td>-0.030927</td>\n",
       "    </tr>\n",
       "    <tr>\n",
       "      <th>weekday</th>\n",
       "      <td>-0.002335</td>\n",
       "      <td>0.010400</td>\n",
       "      <td>-0.003498</td>\n",
       "      <td>-0.102088</td>\n",
       "      <td>1.000000</td>\n",
       "      <td>0.035955</td>\n",
       "      <td>0.003311</td>\n",
       "      <td>-0.001795</td>\n",
       "      <td>-0.008821</td>\n",
       "      <td>-0.037158</td>\n",
       "      <td>0.011502</td>\n",
       "      <td>0.032721</td>\n",
       "      <td>0.021578</td>\n",
       "      <td>0.026900</td>\n",
       "    </tr>\n",
       "    <tr>\n",
       "      <th>workingday</th>\n",
       "      <td>0.013743</td>\n",
       "      <td>-0.003477</td>\n",
       "      <td>0.002285</td>\n",
       "      <td>-0.252471</td>\n",
       "      <td>0.035955</td>\n",
       "      <td>1.000000</td>\n",
       "      <td>0.044672</td>\n",
       "      <td>0.055390</td>\n",
       "      <td>0.054667</td>\n",
       "      <td>0.015688</td>\n",
       "      <td>-0.011830</td>\n",
       "      <td>-0.300942</td>\n",
       "      <td>0.134326</td>\n",
       "      <td>0.030284</td>\n",
       "    </tr>\n",
       "    <tr>\n",
       "      <th>weathersit</th>\n",
       "      <td>-0.014524</td>\n",
       "      <td>0.005400</td>\n",
       "      <td>-0.020203</td>\n",
       "      <td>-0.017036</td>\n",
       "      <td>0.003311</td>\n",
       "      <td>0.044672</td>\n",
       "      <td>1.000000</td>\n",
       "      <td>-0.102640</td>\n",
       "      <td>-0.105563</td>\n",
       "      <td>0.418130</td>\n",
       "      <td>0.026226</td>\n",
       "      <td>-0.152628</td>\n",
       "      <td>-0.120966</td>\n",
       "      <td>-0.142426</td>\n",
       "    </tr>\n",
       "    <tr>\n",
       "      <th>temp</th>\n",
       "      <td>0.312025</td>\n",
       "      <td>0.201691</td>\n",
       "      <td>0.137603</td>\n",
       "      <td>-0.027340</td>\n",
       "      <td>-0.001795</td>\n",
       "      <td>0.055390</td>\n",
       "      <td>-0.102640</td>\n",
       "      <td>1.000000</td>\n",
       "      <td>0.987672</td>\n",
       "      <td>-0.069881</td>\n",
       "      <td>-0.023125</td>\n",
       "      <td>0.459616</td>\n",
       "      <td>0.335361</td>\n",
       "      <td>0.404772</td>\n",
       "    </tr>\n",
       "    <tr>\n",
       "      <th>atemp</th>\n",
       "      <td>0.319380</td>\n",
       "      <td>0.208096</td>\n",
       "      <td>0.133750</td>\n",
       "      <td>-0.030973</td>\n",
       "      <td>-0.008821</td>\n",
       "      <td>0.054667</td>\n",
       "      <td>-0.105563</td>\n",
       "      <td>0.987672</td>\n",
       "      <td>1.000000</td>\n",
       "      <td>-0.051918</td>\n",
       "      <td>-0.062336</td>\n",
       "      <td>0.454080</td>\n",
       "      <td>0.332559</td>\n",
       "      <td>0.400929</td>\n",
       "    </tr>\n",
       "    <tr>\n",
       "      <th>hum</th>\n",
       "      <td>0.150625</td>\n",
       "      <td>0.164411</td>\n",
       "      <td>-0.276498</td>\n",
       "      <td>-0.010588</td>\n",
       "      <td>-0.037158</td>\n",
       "      <td>0.015688</td>\n",
       "      <td>0.418130</td>\n",
       "      <td>-0.069881</td>\n",
       "      <td>-0.051918</td>\n",
       "      <td>1.000000</td>\n",
       "      <td>-0.290105</td>\n",
       "      <td>-0.347028</td>\n",
       "      <td>-0.273933</td>\n",
       "      <td>-0.322911</td>\n",
       "    </tr>\n",
       "    <tr>\n",
       "      <th>windspeed</th>\n",
       "      <td>-0.149773</td>\n",
       "      <td>-0.135386</td>\n",
       "      <td>0.137252</td>\n",
       "      <td>0.003988</td>\n",
       "      <td>0.011502</td>\n",
       "      <td>-0.011830</td>\n",
       "      <td>0.026226</td>\n",
       "      <td>-0.023125</td>\n",
       "      <td>-0.062336</td>\n",
       "      <td>-0.290105</td>\n",
       "      <td>1.000000</td>\n",
       "      <td>0.090287</td>\n",
       "      <td>0.082321</td>\n",
       "      <td>0.093234</td>\n",
       "    </tr>\n",
       "    <tr>\n",
       "      <th>casual</th>\n",
       "      <td>0.120206</td>\n",
       "      <td>0.068457</td>\n",
       "      <td>0.301202</td>\n",
       "      <td>0.031564</td>\n",
       "      <td>0.032721</td>\n",
       "      <td>-0.300942</td>\n",
       "      <td>-0.152628</td>\n",
       "      <td>0.459616</td>\n",
       "      <td>0.454080</td>\n",
       "      <td>-0.347028</td>\n",
       "      <td>0.090287</td>\n",
       "      <td>1.000000</td>\n",
       "      <td>0.506618</td>\n",
       "      <td>0.694564</td>\n",
       "    </tr>\n",
       "    <tr>\n",
       "      <th>registered</th>\n",
       "      <td>0.174226</td>\n",
       "      <td>0.122273</td>\n",
       "      <td>0.374141</td>\n",
       "      <td>-0.047345</td>\n",
       "      <td>0.021578</td>\n",
       "      <td>0.134326</td>\n",
       "      <td>-0.120966</td>\n",
       "      <td>0.335361</td>\n",
       "      <td>0.332559</td>\n",
       "      <td>-0.273933</td>\n",
       "      <td>0.082321</td>\n",
       "      <td>0.506618</td>\n",
       "      <td>1.000000</td>\n",
       "      <td>0.972151</td>\n",
       "    </tr>\n",
       "    <tr>\n",
       "      <th>cnt</th>\n",
       "      <td>0.178056</td>\n",
       "      <td>0.120638</td>\n",
       "      <td>0.394071</td>\n",
       "      <td>-0.030927</td>\n",
       "      <td>0.026900</td>\n",
       "      <td>0.030284</td>\n",
       "      <td>-0.142426</td>\n",
       "      <td>0.404772</td>\n",
       "      <td>0.400929</td>\n",
       "      <td>-0.322911</td>\n",
       "      <td>0.093234</td>\n",
       "      <td>0.694564</td>\n",
       "      <td>0.972151</td>\n",
       "      <td>1.000000</td>\n",
       "    </tr>\n",
       "  </tbody>\n",
       "</table>\n",
       "</div>"
      ],
      "text/plain": [
       "              season      mnth        hr   holiday   weekday  workingday  \\\n",
       "season      1.000000  0.830386 -0.006117 -0.009585 -0.002335    0.013743   \n",
       "mnth        0.830386  1.000000 -0.005772  0.018430  0.010400   -0.003477   \n",
       "hr         -0.006117 -0.005772  1.000000  0.000479 -0.003498    0.002285   \n",
       "holiday    -0.009585  0.018430  0.000479  1.000000 -0.102088   -0.252471   \n",
       "weekday    -0.002335  0.010400 -0.003498 -0.102088  1.000000    0.035955   \n",
       "workingday  0.013743 -0.003477  0.002285 -0.252471  0.035955    1.000000   \n",
       "weathersit -0.014524  0.005400 -0.020203 -0.017036  0.003311    0.044672   \n",
       "temp        0.312025  0.201691  0.137603 -0.027340 -0.001795    0.055390   \n",
       "atemp       0.319380  0.208096  0.133750 -0.030973 -0.008821    0.054667   \n",
       "hum         0.150625  0.164411 -0.276498 -0.010588 -0.037158    0.015688   \n",
       "windspeed  -0.149773 -0.135386  0.137252  0.003988  0.011502   -0.011830   \n",
       "casual      0.120206  0.068457  0.301202  0.031564  0.032721   -0.300942   \n",
       "registered  0.174226  0.122273  0.374141 -0.047345  0.021578    0.134326   \n",
       "cnt         0.178056  0.120638  0.394071 -0.030927  0.026900    0.030284   \n",
       "\n",
       "            weathersit      temp     atemp       hum  windspeed    casual  \\\n",
       "season       -0.014524  0.312025  0.319380  0.150625  -0.149773  0.120206   \n",
       "mnth          0.005400  0.201691  0.208096  0.164411  -0.135386  0.068457   \n",
       "hr           -0.020203  0.137603  0.133750 -0.276498   0.137252  0.301202   \n",
       "holiday      -0.017036 -0.027340 -0.030973 -0.010588   0.003988  0.031564   \n",
       "weekday       0.003311 -0.001795 -0.008821 -0.037158   0.011502  0.032721   \n",
       "workingday    0.044672  0.055390  0.054667  0.015688  -0.011830 -0.300942   \n",
       "weathersit    1.000000 -0.102640 -0.105563  0.418130   0.026226 -0.152628   \n",
       "temp         -0.102640  1.000000  0.987672 -0.069881  -0.023125  0.459616   \n",
       "atemp        -0.105563  0.987672  1.000000 -0.051918  -0.062336  0.454080   \n",
       "hum           0.418130 -0.069881 -0.051918  1.000000  -0.290105 -0.347028   \n",
       "windspeed     0.026226 -0.023125 -0.062336 -0.290105   1.000000  0.090287   \n",
       "casual       -0.152628  0.459616  0.454080 -0.347028   0.090287  1.000000   \n",
       "registered   -0.120966  0.335361  0.332559 -0.273933   0.082321  0.506618   \n",
       "cnt          -0.142426  0.404772  0.400929 -0.322911   0.093234  0.694564   \n",
       "\n",
       "            registered       cnt  \n",
       "season        0.174226  0.178056  \n",
       "mnth          0.122273  0.120638  \n",
       "hr            0.374141  0.394071  \n",
       "holiday      -0.047345 -0.030927  \n",
       "weekday       0.021578  0.026900  \n",
       "workingday    0.134326  0.030284  \n",
       "weathersit   -0.120966 -0.142426  \n",
       "temp          0.335361  0.404772  \n",
       "atemp         0.332559  0.400929  \n",
       "hum          -0.273933 -0.322911  \n",
       "windspeed     0.082321  0.093234  \n",
       "casual        0.506618  0.694564  \n",
       "registered    1.000000  0.972151  \n",
       "cnt           0.972151  1.000000  "
      ]
     },
     "execution_count": 9,
     "metadata": {},
     "output_type": "execute_result"
    }
   ],
   "source": [
    "columns = ['season', 'mnth', 'hr', 'holiday', 'weekday', 'workingday', 'weathersit', 'temp', 'atemp', 'hum', 'windspeed', 'casual', 'registered', 'cnt']\n",
    "corr_hour = df_hour[columns].corr()\n",
    "corr_hour"
   ]
  },
  {
   "cell_type": "code",
   "execution_count": 10,
   "metadata": {},
   "outputs": [
    {
     "data": {
      "text/html": [
       "<div>\n",
       "<style scoped>\n",
       "    .dataframe tbody tr th:only-of-type {\n",
       "        vertical-align: middle;\n",
       "    }\n",
       "\n",
       "    .dataframe tbody tr th {\n",
       "        vertical-align: top;\n",
       "    }\n",
       "\n",
       "    .dataframe thead th {\n",
       "        text-align: right;\n",
       "    }\n",
       "</style>\n",
       "<table border=\"1\" class=\"dataframe\">\n",
       "  <thead>\n",
       "    <tr style=\"text-align: right;\">\n",
       "      <th></th>\n",
       "      <th>season</th>\n",
       "      <th>mnth</th>\n",
       "      <th>holiday</th>\n",
       "      <th>weekday</th>\n",
       "      <th>workingday</th>\n",
       "      <th>weathersit</th>\n",
       "      <th>temp</th>\n",
       "      <th>atemp</th>\n",
       "      <th>hum</th>\n",
       "      <th>windspeed</th>\n",
       "      <th>casual</th>\n",
       "      <th>registered</th>\n",
       "      <th>cnt</th>\n",
       "    </tr>\n",
       "  </thead>\n",
       "  <tbody>\n",
       "    <tr>\n",
       "      <th>season</th>\n",
       "      <td>1.000000</td>\n",
       "      <td>0.831440</td>\n",
       "      <td>-0.010537</td>\n",
       "      <td>-0.003080</td>\n",
       "      <td>0.012485</td>\n",
       "      <td>0.019211</td>\n",
       "      <td>0.334315</td>\n",
       "      <td>0.342876</td>\n",
       "      <td>0.205445</td>\n",
       "      <td>-0.229046</td>\n",
       "      <td>0.210399</td>\n",
       "      <td>0.411623</td>\n",
       "      <td>0.406100</td>\n",
       "    </tr>\n",
       "    <tr>\n",
       "      <th>mnth</th>\n",
       "      <td>0.831440</td>\n",
       "      <td>1.000000</td>\n",
       "      <td>0.019191</td>\n",
       "      <td>0.009509</td>\n",
       "      <td>-0.005901</td>\n",
       "      <td>0.043528</td>\n",
       "      <td>0.220205</td>\n",
       "      <td>0.227459</td>\n",
       "      <td>0.222204</td>\n",
       "      <td>-0.207502</td>\n",
       "      <td>0.123006</td>\n",
       "      <td>0.293488</td>\n",
       "      <td>0.279977</td>\n",
       "    </tr>\n",
       "    <tr>\n",
       "      <th>holiday</th>\n",
       "      <td>-0.010537</td>\n",
       "      <td>0.019191</td>\n",
       "      <td>1.000000</td>\n",
       "      <td>-0.101960</td>\n",
       "      <td>-0.253023</td>\n",
       "      <td>-0.034627</td>\n",
       "      <td>-0.028556</td>\n",
       "      <td>-0.032507</td>\n",
       "      <td>-0.015937</td>\n",
       "      <td>0.006292</td>\n",
       "      <td>0.054274</td>\n",
       "      <td>-0.108745</td>\n",
       "      <td>-0.068348</td>\n",
       "    </tr>\n",
       "    <tr>\n",
       "      <th>weekday</th>\n",
       "      <td>-0.003080</td>\n",
       "      <td>0.009509</td>\n",
       "      <td>-0.101960</td>\n",
       "      <td>1.000000</td>\n",
       "      <td>0.035790</td>\n",
       "      <td>0.031087</td>\n",
       "      <td>-0.000170</td>\n",
       "      <td>-0.007537</td>\n",
       "      <td>-0.052232</td>\n",
       "      <td>0.014282</td>\n",
       "      <td>0.059923</td>\n",
       "      <td>0.057367</td>\n",
       "      <td>0.067443</td>\n",
       "    </tr>\n",
       "    <tr>\n",
       "      <th>workingday</th>\n",
       "      <td>0.012485</td>\n",
       "      <td>-0.005901</td>\n",
       "      <td>-0.253023</td>\n",
       "      <td>0.035790</td>\n",
       "      <td>1.000000</td>\n",
       "      <td>0.061200</td>\n",
       "      <td>0.052660</td>\n",
       "      <td>0.052182</td>\n",
       "      <td>0.024327</td>\n",
       "      <td>-0.018796</td>\n",
       "      <td>-0.518044</td>\n",
       "      <td>0.303907</td>\n",
       "      <td>0.061156</td>\n",
       "    </tr>\n",
       "    <tr>\n",
       "      <th>weathersit</th>\n",
       "      <td>0.019211</td>\n",
       "      <td>0.043528</td>\n",
       "      <td>-0.034627</td>\n",
       "      <td>0.031087</td>\n",
       "      <td>0.061200</td>\n",
       "      <td>1.000000</td>\n",
       "      <td>-0.120602</td>\n",
       "      <td>-0.121583</td>\n",
       "      <td>0.591045</td>\n",
       "      <td>0.039511</td>\n",
       "      <td>-0.247353</td>\n",
       "      <td>-0.260388</td>\n",
       "      <td>-0.297391</td>\n",
       "    </tr>\n",
       "    <tr>\n",
       "      <th>temp</th>\n",
       "      <td>0.334315</td>\n",
       "      <td>0.220205</td>\n",
       "      <td>-0.028556</td>\n",
       "      <td>-0.000170</td>\n",
       "      <td>0.052660</td>\n",
       "      <td>-0.120602</td>\n",
       "      <td>1.000000</td>\n",
       "      <td>0.991702</td>\n",
       "      <td>0.126963</td>\n",
       "      <td>-0.157944</td>\n",
       "      <td>0.543285</td>\n",
       "      <td>0.540012</td>\n",
       "      <td>0.627494</td>\n",
       "    </tr>\n",
       "    <tr>\n",
       "      <th>atemp</th>\n",
       "      <td>0.342876</td>\n",
       "      <td>0.227459</td>\n",
       "      <td>-0.032507</td>\n",
       "      <td>-0.007537</td>\n",
       "      <td>0.052182</td>\n",
       "      <td>-0.121583</td>\n",
       "      <td>0.991702</td>\n",
       "      <td>1.000000</td>\n",
       "      <td>0.139988</td>\n",
       "      <td>-0.183643</td>\n",
       "      <td>0.543864</td>\n",
       "      <td>0.544192</td>\n",
       "      <td>0.631066</td>\n",
       "    </tr>\n",
       "    <tr>\n",
       "      <th>hum</th>\n",
       "      <td>0.205445</td>\n",
       "      <td>0.222204</td>\n",
       "      <td>-0.015937</td>\n",
       "      <td>-0.052232</td>\n",
       "      <td>0.024327</td>\n",
       "      <td>0.591045</td>\n",
       "      <td>0.126963</td>\n",
       "      <td>0.139988</td>\n",
       "      <td>1.000000</td>\n",
       "      <td>-0.248489</td>\n",
       "      <td>-0.077008</td>\n",
       "      <td>-0.091089</td>\n",
       "      <td>-0.100659</td>\n",
       "    </tr>\n",
       "    <tr>\n",
       "      <th>windspeed</th>\n",
       "      <td>-0.229046</td>\n",
       "      <td>-0.207502</td>\n",
       "      <td>0.006292</td>\n",
       "      <td>0.014282</td>\n",
       "      <td>-0.018796</td>\n",
       "      <td>0.039511</td>\n",
       "      <td>-0.157944</td>\n",
       "      <td>-0.183643</td>\n",
       "      <td>-0.248489</td>\n",
       "      <td>1.000000</td>\n",
       "      <td>-0.167613</td>\n",
       "      <td>-0.217449</td>\n",
       "      <td>-0.234545</td>\n",
       "    </tr>\n",
       "    <tr>\n",
       "      <th>casual</th>\n",
       "      <td>0.210399</td>\n",
       "      <td>0.123006</td>\n",
       "      <td>0.054274</td>\n",
       "      <td>0.059923</td>\n",
       "      <td>-0.518044</td>\n",
       "      <td>-0.247353</td>\n",
       "      <td>0.543285</td>\n",
       "      <td>0.543864</td>\n",
       "      <td>-0.077008</td>\n",
       "      <td>-0.167613</td>\n",
       "      <td>1.000000</td>\n",
       "      <td>0.395282</td>\n",
       "      <td>0.672804</td>\n",
       "    </tr>\n",
       "    <tr>\n",
       "      <th>registered</th>\n",
       "      <td>0.411623</td>\n",
       "      <td>0.293488</td>\n",
       "      <td>-0.108745</td>\n",
       "      <td>0.057367</td>\n",
       "      <td>0.303907</td>\n",
       "      <td>-0.260388</td>\n",
       "      <td>0.540012</td>\n",
       "      <td>0.544192</td>\n",
       "      <td>-0.091089</td>\n",
       "      <td>-0.217449</td>\n",
       "      <td>0.395282</td>\n",
       "      <td>1.000000</td>\n",
       "      <td>0.945517</td>\n",
       "    </tr>\n",
       "    <tr>\n",
       "      <th>cnt</th>\n",
       "      <td>0.406100</td>\n",
       "      <td>0.279977</td>\n",
       "      <td>-0.068348</td>\n",
       "      <td>0.067443</td>\n",
       "      <td>0.061156</td>\n",
       "      <td>-0.297391</td>\n",
       "      <td>0.627494</td>\n",
       "      <td>0.631066</td>\n",
       "      <td>-0.100659</td>\n",
       "      <td>-0.234545</td>\n",
       "      <td>0.672804</td>\n",
       "      <td>0.945517</td>\n",
       "      <td>1.000000</td>\n",
       "    </tr>\n",
       "  </tbody>\n",
       "</table>\n",
       "</div>"
      ],
      "text/plain": [
       "              season      mnth   holiday   weekday  workingday  weathersit  \\\n",
       "season      1.000000  0.831440 -0.010537 -0.003080    0.012485    0.019211   \n",
       "mnth        0.831440  1.000000  0.019191  0.009509   -0.005901    0.043528   \n",
       "holiday    -0.010537  0.019191  1.000000 -0.101960   -0.253023   -0.034627   \n",
       "weekday    -0.003080  0.009509 -0.101960  1.000000    0.035790    0.031087   \n",
       "workingday  0.012485 -0.005901 -0.253023  0.035790    1.000000    0.061200   \n",
       "weathersit  0.019211  0.043528 -0.034627  0.031087    0.061200    1.000000   \n",
       "temp        0.334315  0.220205 -0.028556 -0.000170    0.052660   -0.120602   \n",
       "atemp       0.342876  0.227459 -0.032507 -0.007537    0.052182   -0.121583   \n",
       "hum         0.205445  0.222204 -0.015937 -0.052232    0.024327    0.591045   \n",
       "windspeed  -0.229046 -0.207502  0.006292  0.014282   -0.018796    0.039511   \n",
       "casual      0.210399  0.123006  0.054274  0.059923   -0.518044   -0.247353   \n",
       "registered  0.411623  0.293488 -0.108745  0.057367    0.303907   -0.260388   \n",
       "cnt         0.406100  0.279977 -0.068348  0.067443    0.061156   -0.297391   \n",
       "\n",
       "                temp     atemp       hum  windspeed    casual  registered  \\\n",
       "season      0.334315  0.342876  0.205445  -0.229046  0.210399    0.411623   \n",
       "mnth        0.220205  0.227459  0.222204  -0.207502  0.123006    0.293488   \n",
       "holiday    -0.028556 -0.032507 -0.015937   0.006292  0.054274   -0.108745   \n",
       "weekday    -0.000170 -0.007537 -0.052232   0.014282  0.059923    0.057367   \n",
       "workingday  0.052660  0.052182  0.024327  -0.018796 -0.518044    0.303907   \n",
       "weathersit -0.120602 -0.121583  0.591045   0.039511 -0.247353   -0.260388   \n",
       "temp        1.000000  0.991702  0.126963  -0.157944  0.543285    0.540012   \n",
       "atemp       0.991702  1.000000  0.139988  -0.183643  0.543864    0.544192   \n",
       "hum         0.126963  0.139988  1.000000  -0.248489 -0.077008   -0.091089   \n",
